%%MatrixMarket matrix array real general
256 1
4.0521105392451921625718291863904596539214253425598144531250000000e-03
5.0964710481327885407965005981623107800260186195373535156250000000e-03
6.1496305615874637118256629264578805305063724517822265625000000000e-03
6.7351017713584027807316445546348404604941606521606445312500000000e-03
7.4257525816265801052451500652296090265735983848571777343750000000e-03
8.2438970538473380772481746703306271228939294815063476562500000000e-03
8.7571626747103038790331908103325986303389072418212890625000000000e-03
1.0371814280279329292810963636384258279576897621154785156250000000e-02
1.1736195372463563077469750339787424309179186820983886718750000000e-02
1.2692004222645443534123188555895467288792133331298828125000000000e-02
1.3110090271627013874811140681231336202472448348999023437500000000e-02
1.3907240794792434523952096014909329824149608612060546875000000000e-02
1.5514783962825403479390828920259082224220037460327148437500000000e-02
1.5955784674800368994063148875284241512417793273925781250000000000e-02
1.7518320511017669571796062655266723595559597015380859375000000000e-02
1.8058580271186969873342675896310538519173860549926757812500000000e-02
1.9013462453251951667088093245183699764311313629150390625000000000e-02
1.9413527771017350526117084541510848794132471084594726562500000000e-02
2.1554099871491646384091822596928977873176336288452148437500000000e-02
2.2853925400255079708466965371371770743280649185180664062500000000e-02
2.4193744349144244432103789677057648077607154846191406250000000000e-02
2.4558755978402790898229568483657203614711761474609375000000000000e-02
2.6866525825590726467284596878926095087081193923950195312500000000e-02
2.7448947772634943453873290764022385701537132263183593750000000000e-02
2.9899969220133826297569612506777048110961914062500000000000000000e-02
3.0144716786976496342154163698978663887828588485717773437500000000e-02
3.4298500275992176156147905885518412105739116668701171875000000000e-02
3.5422314415450614766278647493891185149550437927246093750000000000e-02
3.6555719027734689952069402352208271622657775878906250000000000000e-02
3.9364377412498215147440561167968553490936756134033203125000000000e-02
4.1044175285865229507731299918305012397468090057373046875000000000e-02
4.3088433308843807068022613293578615412116050720214843750000000000e-02
4.4279079327553760858648956855176948010921478271484375000000000000e-02
4.6167312269720421624707995533754001371562480926513671875000000000e-02
4.7086490128188586423707562289564521051943302154541015625000000000e-02
4.9019353496360211497329117946719634346663951873779296875000000000e-02
5.0319702862904831797141724791799788363277912139892578125000000000e-02
5.5276590643484904696869364215672248974442481994628906250000000000e-02
5.6563699307368812962959481183133902959525585174560546875000000000e-02
5.9604326111602295990010702553263399749994277954101562500000000000e-02
6.1258291513884614853946430912401410751044750213623046875000000000e-02
6.5467543544587711301652177553478395566344261169433593750000000000e-02
6.7687159126018747734576663788175210356712341308593750000000000000e-02
6.8215631159822875950737852690508589148521423339843750000000000000e-02
7.2070569138653603480371145906246965751051902770996093750000000000e-02
7.4191637536683383014057824311748845502734184265136718750000000000e-02
7.5340415668136984095326624810695648193359375000000000000000000000e-02
7.7846403532722707740987289071199484169483184814453125000000000000e-02
8.2830377782295377953047932351182680577039718627929687500000000000e-02
8.3319365812637380397376318796887062489986419677734375000000000000e-02
8.5555010922992613675575057641253806650638580322265625000000000000e-02
9.0184747932607597920018349668680457398295402526855468750000000000e-02
9.1132529291213182354169930476928129792213439941406250000000000000e-02
9.3961381965323637066589412825123872607946395874023437500000000000e-02
9.8548471539651363859668720124318497255444526672363281250000000000e-02
1.0221772107476420621274826316948747262358665466308593750000000000e-01
1.0917394818659693911389041431903024204075336456298828125000000000e-01
1.1271800638459913979083637514122528955340385437011718750000000000e-01
1.1462966183033632128207557343557709828019142150878906250000000000e-01
1.1888838737220761010426883785839891061186790466308593750000000000e-01
1.2246680758760801477347257559813442640006542205810546875000000000e-01
1.2588577217481328185400002439564559608697891235351562500000000000e-01
1.3119435339966692422031258047354640439152717590332031250000000000e-01
1.3866432687246627031285584052966441959142684936523437500000000000e-01
1.4331217051711955812187682113290065899491310119628906250000000000e-01
1.4795661291102418788412364847317803651094436645507812500000000000e-01
1.5194180184198496919023568807460833340883255004882812500000000000e-01
1.5655678388234542386392433854780392721295356750488281250000000000e-01
1.6445744944720144808947281944710994139313697814941406250000000000e-01
1.6655502631375376787481457085959846153855323791503906250000000000e-01
1.7392307450865351903246391884749755263328552246093750000000000000e-01
1.7986139206382256716665324347559362649917602539062500000000000000e-01
1.8392795150975221885047972136817406862974166870117187500000000000e-01
1.8488216233587603798405041288788197562098503112792968750000000000e-01
1.9295386936991276716213405961752869188785552978515625000000000000e-01
1.9972789944974747577965956679690862074494361877441406250000000000e-01
2.0474412777015105202593758804141543805599212646484375000000000000e-01
2.1331831242232607293018986638344358652830123901367187500000000000e-01
2.2857833813634992337071594192821066826581954956054687500000000000e-01
2.3262743490133766521843483587872469797730445861816406250000000000e-01
2.3713408401196162111901344360376242548227310180664062500000000000e-01
2.4390782752749451400831048886175267398357391357421875000000000000e-01
2.4755500105540964583816787580872187390923500061035156250000000000e-01
2.5087974814466645900878916108922567218542098999023437500000000000e-01
2.5767070424208132761734191262803506106138229370117187500000000000e-01
2.6001308566960606993845317447267007082700729370117187500000000000e-01
2.7753291075708064195026736342697404325008392333984375000000000000e-01
2.8389390126553132320808003896672744303941726684570312500000000000e-01
2.9360906772327532987532094921334646642208099365234375000000000000e-01
3.0010605736101986229513727266748901456594467163085937500000000000e-01
3.2170164836067849378764549328479915857315063476562500000000000000e-01
3.2730205284515206942685949798033107072114944458007812500000000000e-01
3.4254258006372007017148462182376533746719360351562500000000000000e-01
3.4957881671028301351356049053720198571681976318359375000000000000e-01
3.6065215802733380234812443632108625024557113647460937500000000000e-01
3.6452969716124244969890355605457443743944168090820312500000000000e-01
3.8142925495448865014225248160073533654212951660156250000000000000e-01
3.9135621576725310166722238136571832001209259033203125000000000000e-01
4.0562820065299254324031608121003955602645874023437500000000000000e-01
4.1356376219126295135097848287841770797967910766601562500000000000e-01
4.1724599767408521167055823752889409661293029785156250000000000000e-01
4.2509293057140445926123106801242101937532424926757812500000000000e-01
4.4475391818544379729516435872938018292188644409179687500000000000e-01
4.5261245534687832847708932604291476309299468994140625000000000000e-01
4.7219377720537714093751446853275410830974578857421875000000000000e-01
4.9461298557956545618452537382836453616619110107421875000000000000e-01
5.0505070409131680442271772335516288876533508300781250000000000000e-01
5.1838110007199578177505827625282108783721923828125000000000000000e-01
5.3324018862595012890892576251644641160964965820312500000000000000e-01
5.3428171956530268182916643127100542187690734863281250000000000000e-01
5.4311424697050225685046598300687037408351898193359375000000000000e-01
5.6393441238945085647316091126413084566593170166015625000000000000e-01
5.7799882084656017955381912543089129030704498291015625000000000000e-01
5.8558362026640076170025395185803063213825225830078125000000000000e-01
5.9598999671279628831399577393312938511371612548828125000000000000e-01
6.1149383169231574797208850213792175054550170898437500000000000000e-01
6.2081396445259307004249649253324605524539947509765625000000000000e-01
6.4718193527334555437136032196576707065105438232421875000000000000e-01
6.6225969518869509666814110460109077394008636474609375000000000000e-01
6.9581069447397370097974089730996638536453247070312500000000000000e-01
7.1111973939636075048298380352207459509372711181640625000000000000e-01
7.1553438060112894980591136118164286017417907714843750000000000000e-01
7.2758288276181859455249423263012431561946868896484375000000000000e-01
7.4780122547908078889378202802618034183979034423828125000000000000e-01
7.8262629668756322764977539918618276715278625488281250000000000000e-01
7.9831725706578804402369087256374768912792205810546875000000000000e-01
8.2229080497772755187213533645262941718101501464843750000000000000e-01
8.3360263373261611619113864435348659753799438476562500000000000000e-01
8.4161279222839580071990894793998450040817260742187500000000000000e-01
8.6699294827440487321013051769114099442958831787109375000000000000e-01
8.9854219253308753589948310036561451852321624755859375000000000000e-01
9.4242998537149125226619617023970931768417358398437500000000000000e-01
9.5739457323335230842786813809652812778949737548828125000000000000e-01
9.7343601388314404676549429495935328304767608642578125000000000000e-01
9.9566335916582349163661547208903357386589050292968750000000000000e-01
1.0126850724716429663629924107226543128490447998046875000000000000e+00
1.0311872646658806207398129117791540920734405517578125000000000000e+00
1.0730744846635795752831654681358486413955688476562500000000000000e+00
1.0941967923511444205075804347870871424674987792968750000000000000e+00
1.1164753827768740812587111577158793807029724121093750000000000000e+00
1.1759068882289751556413648359011858701705932617187500000000000000e+00
1.1826090545254832608890183109906502068042755126953125000000000000e+00
1.2177199916316800987203805561875924468040466308593750000000000000e+00
1.2779963892204915243411278424900956451892852783203125000000000000e+00
1.2968167814537150395182152351480908691883087158203125000000000000e+00
1.3007789216329304071706474132952280342578887939453125000000000000e+00
1.3250106553549687582460592238930985331535339355468750000000000000e+00
1.3536504862260754222802461299579590559005737304687500000000000000e+00
1.3842756651710692583634454422281123697757720947265625000000000000e+00
1.4460127155031683443553447432350367307662963867187500000000000000e+00
1.5097380648858556018154786215745843946933746337890625000000000000e+00
1.5110447615443702851223406469216570258140563964843750000000000000e+00
1.5491593670187169262675297431997023522853851318359375000000000000e+00
1.6111356036171096128839508310193195939064025878906250000000000000e+00
1.6695916074120309424699826195137575268745422363281250000000000000e+00
1.6795017325410004360719540272839367389678955078125000000000000000e+00
1.7111426769150432924959659430896863341331481933593750000000000000e+00
1.7820350372981264008842572366120293736457824707031250000000000000e+00
1.8350836141127171430298403720371425151824951171875000000000000000e+00
1.8584337395064669529176626383559778332710266113281250000000000000e+00
1.8762249969046203013078866206342354416847229003906250000000000000e+00
1.9370839243814763630524566906387917697429656982421875000000000000e+00
2.0137864767672226662398315966129302978515625000000000000000000000e+00
2.0401225753910119387057875428581610321998596191406250000000000000e+00
2.0924474000570110199248574645025655627250671386718750000000000000e+00
2.1493117884354551172521041735308244824409484863281250000000000000e+00
2.1816736868082884370778629090636968612670898437500000000000000000e+00
2.2540459926700031623170161765301600098609924316406250000000000000e+00
2.3432394218280836462042771017877385020256042480468750000000000000e+00
2.4204365961757523528774527221685275435447692871093750000000000000e+00
2.4798749494443623753170413692714646458625793457031250000000000000e+00
2.5179069995870682063809908868279308080673217773437500000000000000e+00
2.5353445135896861550861558498581871390342712402343750000000000000e+00
2.5458923895939253867481966153718531131744384765625000000000000000e+00
2.6880654038474363076716144860256463289260864257812500000000000000e+00
2.7043317316371635605776191368931904435157775878906250000000000000e+00
2.7533017198851372775436630035983398556709289550781250000000000000e+00
2.8178674904595082395530880603473633527755737304687500000000000000e+00
2.8467546678063997411811669735470786690711975097656250000000000000e+00
2.9048076791152075415425315441098064184188842773437500000000000000e+00
2.9980733284019955853239025600487366318702697753906250000000000000e+00
3.0262464815400447193383115518372505903244018554687500000000000000e+00
3.0933015600170641334898391505703330039978027343750000000000000000e+00
3.1528793525697236255211919342400506138801574707031250000000000000e+00
3.2239501594694810471253276773495599627494812011718750000000000000e+00
3.2402789392438466897772286756662651896476745605468750000000000000e+00
3.4429597684931332324254071863833814859390258789062500000000000000e+00
3.4799583549213939370758907898562029004096984863281250000000000000e+00
3.6131886303944056315629040909698233008384704589843750000000000000e+00
3.7800772000986841980818553565768525004386901855468750000000000000e+00
3.8542758581760603320276459271553903818130493164062500000000000000e+00
3.9733699551718486553397724492242559790611267089843750000000000000e+00
4.0244581793428650939858925994485616683959960937500000000000000000e+00
4.0650164824385894846159317239653319120407104492187500000000000000e+00
4.1699629023558202334243105724453926086425781250000000000000000000e+00
4.4120787859975001410361983289476484060287475585937500000000000000e+00
4.5516228853291407219217035162728279829025268554687500000000000000e+00
4.6415037092477371416521236824337393045425415039062500000000000000e+00
4.7350645887952005352872220100834965705871582031250000000000000000e+00
4.8561094325126656912061662296764552593231201171875000000000000000e+00
4.9469609679918820077659802336711436510086059570312500000000000000e+00
5.0332077375382775485945785476360470056533813476562500000000000000e+00
5.1971643347754516994996265566442161798477172851562500000000000000e+00
5.3995471156913001919974703923799097537994384765625000000000000000e+00
5.5746322505243934841701047844253480434417724609375000000000000000e+00
5.7046287198458465184103260980919003486633300781250000000000000000e+00
5.8721827113793079178094558301381766796112060546875000000000000000e+00
5.9527326381348393269377083925064653158187866210937500000000000000e+00
6.0430792882259893872287648264318704605102539062500000000000000000e+00
6.3868782992735075865198268729727715253829956054687500000000000000e+00
6.4446448310306303497441149374935775995254516601562500000000000000e+00
6.6263603849726200323289049265440553426742553710937500000000000000e+00
6.9380556561751181021691081696189939975738525390625000000000000000e+00
7.3126344673714100963479722850024700164794921875000000000000000000e+00
7.3433565034252534786674004863016307353973388671875000000000000000e+00
7.5121840991945667553864041110500693321228027343750000000000000000e+00
7.5739315865144760664406931027770042419433593750000000000000000000e+00
7.9697556854026014860892246360890567302703857421875000000000000000e+00
8.1445222491856590352199418703094124794006347656250000000000000000e+00
8.7022511696512037104866976733319461345672607421875000000000000000e+00
9.1014433420298441745899253874085843563079833984375000000000000000e+00
9.2288270278854032113713401486165821552276611328125000000000000000e+00
9.2891724517957943163537493092007935047149658203125000000000000000e+00
9.8118808831058288433268899098038673400878906250000000000000000000e+00
9.9796747005431090116189807304181158542633056640625000000000000000e+00
1.0194584813668168266076463623903691768646240234375000000000000000e+01
1.1031352520342709411238502070773392915725708007812500000000000000e+01
1.1630779041897818970596745202783495187759399414062500000000000000e+01
1.1939727334299648831006379623431712388992309570312500000000000000e+01
1.2202793024015244682800584996584802865982055664062500000000000000e+01
1.2722503939002248074530143640004098415374755859375000000000000000e+01
1.2963346178535598340886281221173703670501708984375000000000000000e+01
1.3582179658224447393877198919653892517089843750000000000000000000e+01
1.4319782442382635423427927889861166477203369140625000000000000000e+01
1.4773008999974850397052250627893954515457153320312500000000000000e+01
1.4908095740545558527401226456277072429656982421875000000000000000e+01
1.6752661321025321683464426314458250999450683593750000000000000000e+01
1.6921986980707334424778309767134487628936767578125000000000000000e+01
1.9030632093166595097954996163025498390197753906250000000000000000e+01
2.0589483710233199786898694583214819431304931640625000000000000000e+01
2.1162559620280983807560915010981261730194091796875000000000000000e+01
2.2119523799320717216687626205384731292724609375000000000000000000e+01
2.3883441378351911055233358638361096382141113281250000000000000000e+01
2.7679407362089420985284959897398948669433593750000000000000000000e+01
2.9773007770890416168185765855014324188232421875000000000000000000e+01
3.5234661871698484958415065193548798561096191406250000000000000000e+01
4.2767371606585477650241955416277050971984863281250000000000000000e+01
4.6731233355836799603366671362891793251037597656250000000000000000e+01
6.8497539533753794671611103694885969161987304687500000000000000000e+01
9.1194415629607689766089606564491987228393554687500000000000000000e+01
1.2190344890700015412221546284854412078857421875000000000000000000e+02
1.8089075822709497742835083045065402984619140625000000000000000000e+02
2.4029097559648809578902728389948606491088867187500000000000000000e+02
4.4745943273954117103130556643009185791015625000000000000000000000e+02
1.3946861268155612378905061632394790649414062500000000000000000000e+03
1.6083315823537172036594711244106292724609375000000000000000000000e+04
