%%MatrixMarket vector coordinate real general
256
1   5.91543020805065170031e-02
2   5.87094840550163379889e-02
3   5.88884889389452367836e-02
4   5.96913434289414665535e-02
5   5.97171384120597920075e-02
6   5.97064261787088532141e-02
7   5.98449941676803126578e-02
8   5.93361024803513367742e-02
9   5.94475116118227814299e-02
10   5.97685964537498157223e-02
11   6.01554431559041813404e-02
12   6.01301071821347121737e-02
13   6.07822800922303146942e-02
14   6.12521789821010922972e-02
15   6.14748006288602447111e-02
16   6.14631421953272527592e-02
17   6.21903683685456204477e-02
18   6.18254020715599400537e-02
19   6.26272587793863938499e-02
20   6.32285402675230867597e-02
21   6.45728442625825571621e-02
22   6.35822852658556036953e-02
23   6.37161439112155225661e-02
24   6.43925058263592198227e-02
25   6.53862366599909788922e-02
26   6.60459566655457325224e-02
27   6.83280660858628374754e-02
28   6.87266793013107529786e-02
29   6.91597095251722110421e-02
30   7.01783634129467814855e-02
31   7.06242649408495570817e-02
32   7.10643689537379386056e-02
33   7.22808876068112143853e-02
34   7.29632797911359404219e-02
35   7.33486214761117083505e-02
36   7.30704482213283684766e-02
37   7.46200775968019203166e-02
38   7.55935056267248023376e-02
39   7.52708035807863884425e-02
40   7.56629328699535003144e-02
41   7.49867011797318155919e-02
42   7.41002226475624414803e-02
43   7.43819887330760542987e-02
44   7.54766553540774098874e-02
45   7.67473240730248973396e-02
46   7.65116084251152156481e-02
47   7.58889938372428601854e-02
48   7.44980999747782840492e-02
49   7.34870998271756892262e-02
50   7.29115131728307330761e-02
51   7.24772690151829906968e-02
52   7.13587046947372766192e-02
53   7.15439777951965283354e-02
54   6.88425881471232958830e-02
55   6.74453707226468773817e-02
56   6.61406889929318231314e-02
57   6.63323742510964764474e-02
58   6.56003487231412441005e-02
59   6.51091123797883503110e-02
60   6.39164859743797247882e-02
61   6.36977094936956034221e-02
62   6.38386862615703404300e-02
63   6.22591135179070692685e-02
64   6.11185485180380377868e-02
65   5.93920326085697544705e-02
66   5.79222103764267040593e-02
67   5.78617277243660688146e-02
68   5.81849306145338571183e-02
69   5.99922551145063015499e-02
70   6.09597900619952559609e-02
71   6.12342009801528364132e-02
72   6.10433049354676335319e-02
73   6.15672945752279154874e-02
74   6.21637321645585327889e-02
75   6.41966130948891655628e-02
76   6.52206624405492763064e-02
77   6.68175115287198279068e-02
78   6.76011507882489787180e-02
79   6.68883216725230239641e-02
80   6.69903463882590699541e-02
81   6.62964322135966288574e-02
82   6.60314509417936068569e-02
83   6.36665708485493198054e-02
84   6.23190584769250308095e-02
85   6.16598210969819399141e-02
86   5.89014974076569192141e-02
87   5.75427380592753792699e-02
88   5.71572599455005062041e-02
89   5.64128523371348888915e-02
90   5.47145011197941733005e-02
91   5.40967857177612962416e-02
92   5.38041455238121926752e-02
93   5.37323321097723793915e-02
94   5.33418836925044631547e-02
95   5.40908662472240550634e-02
96   5.37093333638265640895e-02
97   5.40756761104918895477e-02
98   5.44888580669848077154e-02
99   5.61156324113870896841e-02
100   5.77049057554870833964e-02
101   6.02623311235307226874e-02
102   6.02806505676698536900e-02
103   6.01276302791585656737e-02
104   5.98005589231108344861e-02
105   6.07261087747240288492e-02
106   6.17351935367907375674e-02
107   6.15498828404466222231e-02
108   6.12874388711712805855e-02
109   6.20828872039065962629e-02
110   6.33106873422890903402e-02
111   6.31765274797056325395e-02
112   6.41375430904943810706e-02
113   6.41875128855337456768e-02
114   6.44288896031761787464e-02
115   6.40957848545064823309e-02
116   6.36110978150474376536e-02
117   6.51765469182737644527e-02
118   6.53104149952618007191e-02
119   6.46481936933399198297e-02
120   6.55803688314020027939e-02
121   6.63103863627460127228e-02
122   6.64313728452465557250e-02
123   6.69079606211054611631e-02
124   6.83058693298062291621e-02
125   6.83014551641472206223e-02
126   6.97101647009163716273e-02
127   7.00209019233296731111e-02
128   7.02495753551651974655e-02
129   6.90831543747711940284e-02
130   6.92535761301711627613e-02
131   6.92497564812042665228e-02
132   6.94421651787605342943e-02
133   6.97535181335845327899e-02
134   6.84371043184685140526e-02
135   6.81805106966824475689e-02
136   6.89369027332910749850e-02
137   6.86616312906669912230e-02
138   6.84338616084949058482e-02
139   6.74331824703537779930e-02
140   6.70930464618013228106e-02
141   6.64866771157554131699e-02
142   6.63757515094100108977e-02
143   6.42476981091558985160e-02
144   6.31175721208246526261e-02
145   6.58881774802343445074e-02
146   6.86461148239706220320e-02
147   6.98395674686899808892e-02
148   7.12832374008527946962e-02
149   7.19992060595652377808e-02
150   7.27998416729089825594e-02
151   7.45988471125285379504e-02
152   7.73583986378355015212e-02
153   7.81554395825219822003e-02
154   7.84917283636447221662e-02
155   7.86659133795083731489e-02
156   7.78136586598526663883e-02
157   7.78201171268242813950e-02
158   7.70240641323433200549e-02
159   7.67431832619918929961e-02
160   7.67992432779919381725e-02
161   7.68839584823413496606e-02
162   7.81894778160120706989e-02
163   7.79355490301447267898e-02
164   7.65906817907747589080e-02
165   7.56591705663926666903e-02
166   7.66741362309279889109e-02
167   7.65014151892417365586e-02
168   7.57313533835948099471e-02
169   7.68409669159804686878e-02
170   7.60617086971305395027e-02
171   7.56281212770702204740e-02
172   7.63238285248985098841e-02
173   7.73546426706404055551e-02
174   7.83270095553278006273e-02
175   7.79015557172190314938e-02
176   7.75156676558353546769e-02
177   7.83485100256417349440e-02
178   7.77432074480410018058e-02
179   7.68365095882775489544e-02
180   7.61587522109414966076e-02
181   7.57970926290032764872e-02
182   7.32514085670449982546e-02
183   7.25922793048486697520e-02
184   7.19337891881392382798e-02
185   7.00886566122435189508e-02
186   7.02806492353211104129e-02
187   7.12446445142118633953e-02
188   6.97619864505923253928e-02
189   6.85512992356359235346e-02
190   6.64488062473011092957e-02
191   6.56423048332103326041e-02
192   6.50188468478415521057e-02
193   6.55466785730474954530e-02
194   6.45876768898897696269e-02
195   6.36106642525074150729e-02
196   6.28888527152377668772e-02
197   6.24475279782978690002e-02
198   6.21930619449436172808e-02
199   6.29073405362142040742e-02
200   6.14036809354144286210e-02
201   6.03745145771832497639e-02
202   6.02335578796831319637e-02
203   5.93047652522681184584e-02
204   5.80547320058408602983e-02
205   5.89512427095993385429e-02
206   5.81546154887229646557e-02
207   5.81056837665678560523e-02
208   5.75560870069571073326e-02
209   5.75329603707795955714e-02
210   5.77770400477531156924e-02
211   5.78956693695747426354e-02
212   5.68314877481029823159e-02
213   5.61583367367681288163e-02
214   5.46374831755762277452e-02
215   5.30019937740210944632e-02
216   5.21206564970733629560e-02
217   4.93618646317997081252e-02
218   4.75168792689985297617e-02
219   4.69997082118767534054e-02
220   4.65329004663285542009e-02
221   4.55215041068779968647e-02
222   4.35717337166187587694e-02
223   3.99251085972353661480e-02
224   3.76956334489464001125e-02
225   3.74550813084497183358e-02
226   3.75727810530960409929e-02
227   3.57684952381469023486e-02
228   3.39877244795492236551e-02
229   3.26103404370887903219e-02
230   3.20994812270684118372e-02
231   3.21578350265144183306e-02
232   3.13259581787055443880e-02
233   3.02639487383661622000e-02
234   2.95728676689027553115e-02
235   2.91103657147747177381e-02
236   2.98385978576654435634e-02
237   3.12187850892415921789e-02
238   2.94373262071160428366e-02
239   2.81508184194945443313e-02
240   2.79485398738539420060e-02
241   2.70780159879506591991e-02
242   2.50319090214256474713e-02
243   2.52749962267810081296e-02
244   2.47405465110279200458e-02
245   2.43104768069389819141e-02
246   2.38887020734290453361e-02
247   2.33132260527108559067e-02
248   2.29846727196948638627e-02
249   2.24087297400122967272e-02
250   2.20335764197699159050e-02
251   2.14479400592587458874e-02
252   2.12226399289970578399e-02
253   2.11502034578885701743e-02
254   2.03310577556920016318e-02
255   1.98722191720302233942e-02
256   1.87614036102917679238e-02
