%%MatrixMarket matrix array real general
256 1
1.2682001349762263942011486506089568138122558593750000000000000000e+02
3.7345496740779381639185885433107614517211914062500000000000000000e+01
2.1153236932903237033087862073443830013275146484375000000000000000e+01
1.5501321737080576923517583054490387439727783203125000000000000000e+01
1.3449563495782840050196682568639516830444335937500000000000000000e+01
1.1040989489488694630381360184401273727416992187500000000000000000e+01
9.5495767251542122977525650640018284320831298828125000000000000000e+00
8.2763240350867111061461400822736322879791259765625000000000000000e+00
6.8360246748996207344362119329161942005157470703125000000000000000e+00
6.5396767203421450886935417656786739826202392578125000000000000000e+00
5.9358791995540318708890481502749025821685791015625000000000000000e+00
5.4564647685923741704527856200002133846282958984375000000000000000e+00
5.2611222531023527082538748800288885831832885742187500000000000000e+00
4.8870687920625224265336328244302421808242797851562500000000000000e+00
4.7031397809676631638353683229070156812667846679687500000000000000e+00
4.6002782111825419875117404444608837366104125976562500000000000000e+00
4.5375636315354199723515193909406661987304687500000000000000000000e+00
4.3624112705207354068193126295227557420730590820312500000000000000e+00
4.1136342789201982839131233049556612968444824218750000000000000000e+00
4.0930015051335164599777272087521851062774658203125000000000000000e+00
3.8611003276974877884697434637928381562232971191406250000000000000e+00
3.8435672232933457692638512526173144578933715820312500000000000000e+00
3.7841488398822664684928440692601725459098815917968750000000000000e+00
3.6854008816170926721156320127192884683609008789062500000000000000e+00
3.6004647170240935416529737267410382628440856933593750000000000000e+00
3.5668619175687275024699829373275861144065856933593750000000000000e+00
3.4932496366585672475935098191257566213607788085937500000000000000e+00
3.4553910537447882767025930661475285887718200683593750000000000000e+00
3.4103927987693283263581633946159854531288146972656250000000000000e+00
3.3213479974767072810948320693569257855415344238281250000000000000e+00
3.1928959916771431082338494888972491025924682617187500000000000000e+00
3.1590623134947972694419604522408917546272277832031250000000000000e+00
3.1323921981619133880769823008449748158454895019531250000000000000e+00
3.0478143729229620895182506501441821455955505371093750000000000000e+00
3.0378984558219603862028179719345644116401672363281250000000000000e+00
3.0168598479262755951424423983553424477577209472656250000000000000e+00
2.9499578250631035558626535930670797824859619140625000000000000000e+00
2.8538609372542285136375994625268504023551940917968750000000000000e+00
2.8230755720317586288103939295979216694831848144531250000000000000e+00
2.7520776854068969008437761658569797873497009277343750000000000000e+00
2.7408363867977443284473793028155341744422912597656250000000000000e+00
2.7098628200382006703250681312056258320808410644531250000000000000e+00
2.7041883195094773562061618576990440487861633300781250000000000000e+00
2.6340189172014683016698199935490265488624572753906250000000000000e+00
2.5741717862202770916724148264620453119277954101562500000000000000e+00
2.5386305030528917292542701034108176827430725097656250000000000000e+00
2.5272273936615934353255852329311892390251159667968750000000000000e+00
2.4582675379677532134792272699996829032897949218750000000000000000e+00
2.4398222554388899752098041062708944082260131835937500000000000000e+00
2.4232586967509881503701762994751334190368652343750000000000000000e+00
2.3884364592439975005788710404885932803153991699218750000000000000e+00
2.3610659140575518399884913378627970814704895019531250000000000000e+00
2.3236925604931673028374916611937806010246276855468750000000000000e+00
2.2797290046791425233152494911337271332740783691406250000000000000e+00
2.2434811649618056073052230203757062554359436035156250000000000000e+00
2.2241764696156520741965323395561426877975463867187500000000000000e+00
2.2036581932125383076481739408336579799652099609375000000000000000e+00
2.1760203557860631207176993484608829021453857421875000000000000000e+00
2.1544149343261627116419276717351749539375305175781250000000000000e+00
2.1334532770438681126279334421269595623016357421875000000000000000e+00
2.1004948907334894947496195527492091059684753417968750000000000000e+00
2.0420487022487399109138550556963309645652770996093750000000000000e+00
2.0161886028937194836885282711591571569442749023437500000000000000e+00
2.0061052263884251445347217668313533067703247070312500000000000000e+00
1.9933313711402478318746034346986562013626098632812500000000000000e+00
1.9632309742300051436103558444301597774028778076171875000000000000e+00
1.9442420631440633371767034986987709999084472656250000000000000000e+00
1.9008389280510800123380477089085616171360015869140625000000000000e+00
1.8654646485316479509464215880143456161022186279296875000000000000e+00
1.8555214276566898146114681367180310189723968505859375000000000000e+00
1.8000774814556899094952768791699782013893127441406250000000000000e+00
1.7955361760403414361775276120170019567012786865234375000000000000e+00
1.7756349153386341566118744594859890639781951904296875000000000000e+00
1.7587784283465064394391674795770086348056793212890625000000000000e+00
1.7396110144339853587069910645368508994579315185546875000000000000e+00
1.7314945360589693024166990653611719608306884765625000000000000000e+00
1.7043496352319424946841763812699355185031890869140625000000000000e+00
1.6872328433877765707649132309597916901111602783203125000000000000e+00
1.6786504968156690242864215178997255861759185791015625000000000000e+00
1.6593076025514881255418231376097537577152252197265625000000000000e+00
1.6444852482273082383557039065635763108730316162109375000000000000e+00
1.6395320685633023582994383104960434138774871826171875000000000000e+00
1.5955852812037478738460549720912240445613861083984375000000000000e+00
1.5922765191981347321359407942509278655052185058593750000000000000e+00
1.5867914165343852683776049161679111421108245849609375000000000000e+00
1.5747618707107533531086573930224403738975524902343750000000000000e+00
1.5557752396074808753922980031347833573818206787109375000000000000e+00
1.5307643260241139415711586480028927326202392578125000000000000000e+00
1.5013480584694809394363801402505487203598022460937500000000000000e+00
1.4770489791501053566946666251169517636299133300781250000000000000e+00
1.4660531328828387831464397095260210335254669189453125000000000000e+00
1.4465294328346836039145273389294743537902832031250000000000000000e+00
1.4283285950337256675624075796804390847682952880859375000000000000e+00
1.4190794469539904643085037605487741529941558837890625000000000000e+00
1.3917916239084071605702774832025170326232910156250000000000000000e+00
1.3697536263520986299369042171747423708438873291015625000000000000e+00
1.3632438298068727533518540440127253532409667968750000000000000000e+00
1.3546525805950329068849669056362472474575042724609375000000000000e+00
1.3349288510247188099810955463908612728118896484375000000000000000e+00
1.3081065235350697317784351980662904679775238037109375000000000000e+00
1.2959559145823738024461135864839889109134674072265625000000000000e+00
1.2921267768342554749239070588373579084873199462890625000000000000e+00
1.2693051656781160207998482292168773710727691650390625000000000000e+00
1.2446523076821991438123404805082827806472778320312500000000000000e+00
1.2292456066809265280426188837736845016479492187500000000000000000e+00
1.2287139882355959663584599184105172753334045410156250000000000000e+00
1.2025026883558991297462625880143605172634124755859375000000000000e+00
1.1765524489673810926149144506780430674552917480468750000000000000e+00
1.1634648624802079730500281584681943058967590332031250000000000000e+00
1.1510910717032287742256357887526974081993103027343750000000000000e+00
1.1405169536806283314689380858908407390117645263671875000000000000e+00
1.1387786358435465494665095320669934153556823730468750000000000000e+00
1.1304850238815795648861239897087216377258300781250000000000000000e+00
1.1035035077569115280482492380542680621147155761718750000000000000e+00
1.0874783007147537094994049766683019697666168212890625000000000000e+00
1.0843924050955564553078147582709789276123046875000000000000000000e+00
1.0566339871388137350294300631503574550151824951171875000000000000e+00
1.0460386189578190219151565543143078684806823730468750000000000000e+00
1.0358930855371319967872523193364031612873077392578125000000000000e+00
1.0154739113663979743762411089846864342689514160156250000000000000e+00
1.0063225489234222109757865837309509515762329101562500000000000000e+00
9.9782932366505705523707092652330175042152404785156250000000000000e-01
9.8662860990503920000094240094767883419990539550781250000000000000e-01
9.7846541749483662009367890277644619345664978027343750000000000000e-01
9.7078833190952040776977582936524413526058197021484375000000000000e-01
9.4791465466735291833799692540196701884269714355468750000000000000e-01
9.3112456109508823232090435340069234371185302734375000000000000000e-01
9.1739456736369173750489380836370401084423065185546875000000000000e-01
9.1301841916394910203536028348025865852832794189453125000000000000e-01
9.0680251707719417009201379187288694083690643310546875000000000000e-01
8.9348601391731774512550146027933806180953979492187500000000000000e-01
8.8466168487592267144492552688461728394031524658203125000000000000e-01
8.6475500893548262748566912705427967011928558349609375000000000000e-01
8.5298469081329786334322307084221392869949340820312500000000000000e-01
8.4589265311931682855828285028110258281230926513671875000000000000e-01
8.4327915863990654532500457207788713276386260986328125000000000000e-01
8.3415268055304825356444098360952921211719512939453125000000000000e-01
8.1379339834423358723825003835372626781463623046875000000000000000e-01
8.0447618689010669257299923629034310579299926757812500000000000000e-01
7.8791748581482912161533249673084355890750885009765625000000000000e-01
7.8198071056280127333337759409914724528789520263671875000000000000e-01
7.7200388387156193559235362045001238584518432617187500000000000000e-01
7.6523435643366000125098480566521175205707550048828125000000000000e-01
7.6026233685913147120061239547794684767723083496093750000000000000e-01
7.5095566606128105746620349236764013767242431640625000000000000000e-01
7.3696285318221954607764700995176099240779876708984375000000000000e-01
7.3094577060505028232029189894092269241809844970703125000000000000e-01
7.3023296873394949457747316046152263879776000976562500000000000000e-01
7.1998687493031476858362793791457079350948333740234375000000000000e-01
7.1066919455633692503937481887987814843654632568359375000000000000e-01
7.0328727102050092589990981650771573185920715332031250000000000000e-01
6.8716357383477177922515011232462711632251739501953125000000000000e-01
6.7276478456210064837961226658080704510211944580078125000000000000e-01
6.6689873158181245393905101082054898142814636230468750000000000000e-01
6.5199151111913367095951343799242749810218811035156250000000000000e-01
6.4594581636091896736928674727096222341060638427734375000000000000e-01
6.4308923345929536186105224260245449841022491455078125000000000000e-01
6.3688947287032215971436244217329658567905426025390625000000000000e-01
6.2558469911536229712822887449874542653560638427734375000000000000e-01
6.1759959112237172718096189782954752445220947265625000000000000000e-01
6.0376294782074779732283786870539188385009765625000000000000000000e-01
6.0054321911691577184910784126259386539459228515625000000000000000e-01
5.9125190630584956164028653802233748137950897216796875000000000000e-01
5.8527137300891363125288080482278019189834594726562500000000000000e-01
5.7210318373984203610405074869049713015556335449218750000000000000e-01
5.6718748960176934570398543655755929648876190185546875000000000000e-01
5.4781936563169708609422059453208930790424346923828125000000000000e-01
5.4185705469552603030791715355007909238338470458984375000000000000e-01
5.3281694911647370371809984135325066745281219482421875000000000000e-01
5.2681392422476935877284631715156137943267822265625000000000000000e-01
5.0991478275272950071439481689594686031341552734375000000000000000e-01
5.0761275027528651726527186838211491703987121582031250000000000000e-01
5.0087897554666138688617138541303575038909912109375000000000000000e-01
4.9754899362317345223871711823449004441499710083007812500000000000e-01
4.9387025373829407381975897806114517152309417724609375000000000000e-01
4.8696415064351761259331397013738751411437988281250000000000000000e-01
4.8231466378433734965014423323736991733312606811523437500000000000e-01
4.7809866987506421942555334680946543812751770019531250000000000000e-01
4.6186395445234629253405955751077271997928619384765625000000000000e-01
4.5248660507268184671758604054048191756010055541992187500000000000e-01
4.4690927429370147505593990899797063320875167846679687500000000000e-01
4.3926514700111318756370337723637931048870086669921875000000000000e-01
4.2997925802992442712024967477191239595413208007812500000000000000e-01
4.2886822161338539194375130136904772371053695678710937500000000000e-01
4.2410068623366808937547034474846441298723220825195312500000000000e-01
4.1704085472378010779337387248233426362276077270507812500000000000e-01
4.0811153660974580636988662263320293277502059936523437500000000000e-01
4.0553353677250775222162815225601661950349807739257812500000000000e-01
3.9567257155670382262613316015631426125764846801757812500000000000e-01
3.8979712908379854363616345835907850414514541625976562500000000000e-01
3.8465128741638782150502606782538350671529769897460937500000000000e-01
3.7856593945728422845320437772898003458976745605468750000000000000e-01
3.7237659280975499154209273910964839160442352294921875000000000000e-01
3.6220761090783182289953856525244191288948059082031250000000000000e-01
3.5480385028184685536345455147966276854276657104492187500000000000e-01
3.4995257905552940025373231947014573961496353149414062500000000000e-01
3.4480195384067480190992682764772325754165649414062500000000000000e-01
3.3857002500288718715992786201240960508584976196289062500000000000e-01
3.3573502406611782644674235598358791321516036987304687500000000000e-01
3.3041481229903413296966618872829712927341461181640625000000000000e-01
3.1971506232092272714595537763671018183231353759765625000000000000e-01
3.1392430861529441177282251373981125652790069580078125000000000000e-01
3.0653120879494522021957436663797125220298767089843750000000000000e-01
3.0188164782124421448017415059439372271299362182617187500000000000e-01
3.0030775536540588177558674942702054977416992187500000000000000000e-01
2.9249788191197689801725800862186588346958160400390625000000000000e-01
2.8865094112555117478180477519345004111528396606445312500000000000e-01
2.8780267160401290515991945540008600801229476928710937500000000000e-01
2.7900968358251099221689628393505699932575225830078125000000000000e-01
2.7448208624262948607253065347322262823581695556640625000000000000e-01
2.7238141922060160604601719569473061710596084594726562500000000000e-01
2.6845962292078112687576663120125886052846908569335937500000000000e-01
2.6118122283166006480925602772913407534360885620117187500000000000e-01
2.6016755971100952171681797153723891824483871459960937500000000000e-01
2.5586626105203746917027274321299046277999877929687500000000000000e-01
2.4750412423618992074914046952471835538744926452636718750000000000e-01
2.4413997237567977571792710023146355524659156799316406250000000000e-01
2.3783124123504439939580379359540529549121856689453125000000000000e-01
2.3510974170281295769768803438637405633926391601562500000000000000e-01
2.2432053598145629269566825314541347324848175048828125000000000000e-01
2.2140314698849841712480213118396932259202003479003906250000000000e-01
2.1699421680862121530886099662893684580922126770019531250000000000e-01
2.1486580060524712587621820603089872747659683227539062500000000000e-01
2.1042594737245332026098765254573663696646690368652343750000000000e-01
2.0757753565586448130098062847537221387028694152832031250000000000e-01
2.0259362103962366696841002067230874672532081604003906250000000000e-01
1.9840458011979930641466296492581022903323173522949218750000000000e-01
1.9119549949671277300211613692226819694042205810546875000000000000e-01
1.8820816777055235369253693988866871222853660583496093750000000000e-01
1.8519854285614961719730331424216274172067642211914062500000000000e-01
1.7362233953901609617709311805811012163758277893066406250000000000e-01
1.7291607565597136297874669708107830956578254699707031250000000000e-01
1.6567723975434062166911530766810756176710128784179687500000000000e-01
1.6391011508065844726189652647008188068866729736328125000000000000e-01
1.5671233511898949308793760337721323594450950622558593750000000000e-01
1.5554338413812174302108815027168020606040954589843750000000000000e-01
1.5117514809076834647605380723689449951052665710449218750000000000e-01
1.4681314611255699698055821045272750779986381530761718750000000000e-01
1.3933243617719889839712266166316112503409385681152343750000000000e-01
1.3788931232418161210162566021608654409646987915039062500000000000e-01
1.3438221709437170314771492485306225717067718505859375000000000000e-01
1.3235679246283182930454813686083070933818817138671875000000000000e-01
1.2631620907439056189502935012569651007652282714843750000000000000e-01
1.2455835565298946365775378808393725194036960601806640625000000000e-01
1.1792896503796133911290411333538941107690334320068359375000000000e-01
1.1449930249421719219427018288115505129098892211914062500000000000e-01
1.1265879558566424534227223830384900793433189392089843750000000000e-01
1.0833372223109508092342423424270236864686012268066406250000000000e-01
1.0184210465382748100893195442040450870990753173828125000000000000e-01
9.3579712943910028921656873990286840125918388366699218750000000000e-02
9.0795908794668700458885268744779750704765319824218750000000000000e-02
8.6172806509810101482926825156027916818857192993164062500000000000e-02
8.2067665809400197618472816429857630282640457153320312500000000000e-02
7.8419580218286488726420202510780654847621917724609375000000000000e-02
7.1389572404650797343705903585941996425390243530273437500000000000e-02
6.3656190110824725780780397599301068112254142761230468750000000000e-02
