%%MatrixMarket matrix array real general
200 1
1.0002929359334137870973790995776653289794921875000000000000000000e+02
9.0252845621941020226586260832846164703369140625000000000000000000e+01
1.7403231626806285881059466191800311207771301269531250000000000000e+00
1.6946674976457125616491339314961805939674377441406250000000000000e+00
1.6775995624572641595761979260714724659919738769531250000000000000e+00
1.6687146527747263036189906415529549121856689453125000000000000000e+00
1.6408556392284572300610534512088634073734283447265625000000000000e+00
1.6293877157786762488456133723957464098930358886718750000000000000e+00
1.6055953160138971558268394801416434347629547119140625000000000000e+00
1.5996260301742979414996170817175880074501037597656250000000000000e+00
1.5815884544313547621641191653907299041748046875000000000000000000e+00
1.5698249503964496476271506253397092223167419433593750000000000000e+00
1.5551674478477091057015968544874340295791625976562500000000000000e+00
1.5358143514220772285483462837873958051204681396484375000000000000e+00
1.5278530111877293151678713911678642034530639648437500000000000000e+00
1.5097185895383338216646507135010324418544769287109375000000000000e+00
1.5017531865523212619706328041502274572849273681640625000000000000e+00
1.4809595740886578596473555080592632293701171875000000000000000000e+00
1.4753173750908434858075679585454054176807403564453125000000000000e+00
1.4678787663153849418762320055975578725337982177734375000000000000e+00
1.4616868173410133557865719922119751572608947753906250000000000000e+00
1.4423361184501726217632722182315774261951446533203125000000000000e+00
1.4271439462484032389966159826144576072692871093750000000000000000e+00
1.4148630000424824437743609450990334153175354003906250000000000000e+00
1.4028987256571276986960583599284291267395019531250000000000000000e+00
1.3973617876991804021002963054343126714229583740234375000000000000e+00
1.3920296051761131828072848293231800198554992675781250000000000000e+00
1.3809642165371944777518820046680048108100891113281250000000000000e+00
1.3773569772395140020648796053137630224227905273437500000000000000e+00
1.3483889772137818141573006869293749332427978515625000000000000000e+00
1.3387950098122061159955364928464405238628387451171875000000000000e+00
1.3322496669937651248005749948788434267044067382812500000000000000e+00
1.3161806237949846831725153606384992599487304687500000000000000000e+00
1.3112564607561889573617008863948285579681396484375000000000000000e+00
1.2907787276303550605405234819045290350914001464843750000000000000e+00
1.2872149110952744166525008040480315685272216796875000000000000000e+00
1.2662830265959506004236345688696019351482391357421875000000000000e+00
1.2629107152776082312328753687324933707714080810546875000000000000e+00
1.2563834544460699138568315902375616133213043212890625000000000000e+00
1.2477988914566029432506866214680485427379608154296875000000000000e+00
1.2287419812699134080702378923888318240642547607421875000000000000e+00
1.2241586759638984904796643604640848934650421142578125000000000000e+00
1.2194699180057704257507111833547241985797882080078125000000000000e+00
1.2118479900400722648612372722709551453590393066406250000000000000e+00
1.1994414681283489532148678335943259298801422119140625000000000000e+00
1.1973964698219587976524280747980810701847076416015625000000000000e+00
1.1838207462082810383918740626540966331958770751953125000000000000e+00
1.1770595323802635068233257698011584579944610595703125000000000000e+00
1.1615749963728336791035644637304358184337615966796875000000000000e+00
1.1594737595878090719025976795819588005542755126953125000000000000e+00
1.1497943504201408870812883833423256874084472656250000000000000000e+00
1.1477242751556169242377336559002287685871124267578125000000000000e+00
1.1272264191582426207105527282692492008209228515625000000000000000e+00
1.1206924742911570369585660955635830760002136230468750000000000000e+00
1.1147690757367523239906859089387580752372741699218750000000000000e+00
1.1103830145387605377038653386989608407020568847656250000000000000e+00
1.1039079902767685581466139410622417926788330078125000000000000000e+00
1.0946681086154184114889176271390169858932495117187500000000000000e+00
1.0824755868229667399305071739945560693740844726562500000000000000e+00
1.0737966921402766207194190428708679974079132080078125000000000000e+00
1.0614623898262525170110848193871788680553436279296875000000000000e+00
1.0523368595787221391191224029171280562877655029296875000000000000e+00
1.0462365768086852035878564493032172322273254394531250000000000000e+00
1.0331126769603298232169663606327958405017852783203125000000000000e+00
1.0261678416136459368601663300069049000740051269531250000000000000e+00
1.0205867459798778629220805669319815933704376220703125000000000000e+00
1.0125001630550993780843782587908208370208740234375000000000000000e+00
1.0009271208751628901012509231804870069026947021484375000000000000e+00
9.9324036840232421408103391513577662408351898193359375000000000000e-01
9.8498423820637559522594983718590810894966125488281250000000000000e-01
9.8268141978392598012703729182248935103416442871093750000000000000e-01
9.6703948467046241255218319565756246447563171386718750000000000000e-01
9.6379947015899636308944309348589740693569183349609375000000000000e-01
9.5131012198192610451741302313166670501232147216796875000000000000e-01
9.4447209023345468636989608057774603366851806640625000000000000000e-01
9.2833579561804846491668286034837365150451660156250000000000000000e-01
9.2707524146148467814043669932289049029350280761718750000000000000e-01
9.1406138425610372610918830105219967663288116455078125000000000000e-01
9.1021992293552800301625893553136847913265228271484375000000000000e-01
9.0099867385807408393105788491084240376949310302734375000000000000e-01
8.9207410849407797748256143677281215786933898925781250000000000000e-01
8.7632068481152780581311390051268972456455230712890625000000000000e-01
8.6824468104982177596440351408091373741626739501953125000000000000e-01
8.6331423237059545794380710503901354968547821044921875000000000000e-01
8.5921995223271852015756167020299471914768218994140625000000000000e-01
8.4854998283524984969972138060256838798522949218750000000000000000e-01
8.3394134660759322574818952489295043051242828369140625000000000000e-01
8.3216310766513168495350782905006781220436096191406250000000000000e-01
8.2893339558748135864618689083727076649665832519531250000000000000e-01
8.1517553886623395076327369679347611963748931884765625000000000000e-01
8.0999677518124768571539107142598368227481842041015625000000000000e-01
8.0859118216133296641601191367954015731811523437500000000000000000e-01
7.9796093245088872691894721356220543384552001953125000000000000000e-01
7.9042935190108043475021304402616806328296661376953125000000000000e-01
7.7796386813320472786159598399535752832889556884765625000000000000e-01
7.7695502647605163559774155146442353725433349609375000000000000000e-01
7.6617916773972460919850391292129643261432647705078125000000000000e-01
7.5769593628510811811338498955592513084411621093750000000000000000e-01
7.4430842891357695823018048031372018158435821533203125000000000000e-01
7.3577145434862489814520358777372166514396667480468750000000000000e-01
7.2914084029611803128290148379164747893810272216796875000000000000e-01
7.2072386648258124353105813497677445411682128906250000000000000000e-01
7.1087853857816518665657667952473275363445281982421875000000000000e-01
7.0801649184410841986192508556996472179889678955078125000000000000e-01
7.0175624680583259529242923235869966447353363037109375000000000000e-01
6.9734280237212376007960301649291068315505981445312500000000000000e-01
6.7993608288401286010582680319203063845634460449218750000000000000e-01
6.7474567553264508390498122025746852159500122070312500000000000000e-01
6.6423807725403194446300858544418588280677795410156250000000000000e-01
6.6298159819226343270059942369698546826839447021484375000000000000e-01
6.5579179076858939989591590347117744386196136474609375000000000000e-01
6.4648276546494731764624930292484350502490997314453125000000000000e-01
6.4222677569425457022589398548007011413574218750000000000000000000e-01
6.2930712802918853387978970204130746424198150634765625000000000000e-01
6.2555592124820746935398574350983835756778717041015625000000000000e-01
6.1998398164127865861416921688942238688468933105468750000000000000e-01
6.1302718073919182373288094822783023118972778320312500000000000000e-01
5.9745741242661831726934451580746099352836608886718750000000000000e-01
5.9301109649480943097898943960899487137794494628906250000000000000e-01
5.8226984360215139346905743877869099378585815429687500000000000000e-01
5.7424812881061915170732845581369474530220031738281250000000000000e-01
5.6852912596128013511531662516063079237937927246093750000000000000e-01
5.6652533242866587315234028210397809743881225585937500000000000000e-01
5.6233095113895714689533633645623922348022460937500000000000000000e-01
5.4990440014050745443086043451330624520778656005859375000000000000e-01
5.4317113388043170019159333605784922838211059570312500000000000000e-01
5.3034312714565956525802903342992067337036132812500000000000000000e-01
5.2214028064374551352244679947034455835819244384765625000000000000e-01
5.1557031224637239752439654694171622395515441894531250000000000000e-01
5.1090450010076637887834749562898650765419006347656250000000000000e-01
5.0342985631719094907765565949375741183757781982421875000000000000e-01
5.0070998257578258616717903350945562124252319335937500000000000000e-01
4.9332490536237760814231023687170818448066711425781250000000000000e-01
4.8390619887214864069946429481205996125936508178710937500000000000e-01
4.7222443299876659672520418098429217934608459472656250000000000000e-01
4.6410584088128575830367594790004659444093704223632812500000000000e-01
4.5985837207972807272327031569147948175668716430664062500000000000e-01
4.5556420684831999690089787691249512135982513427734375000000000000e-01
4.3486590501950966869415537985332775861024856567382812500000000000e-01
4.2722900685489040295550466908025555312633514404296875000000000000e-01
4.2057071870793749646111336915055289864540100097656250000000000000e-01
4.1555794679534852065216909977607429027557373046875000000000000000e-01
4.1355024406733809083647201987332664430141448974609375000000000000e-01
4.0456248198502031687695534856175072491168975830078125000000000000e-01
3.9858042639583990407459168636705726385116577148437500000000000000e-01
3.9683792875105666775326085371489170938730239868164062500000000000e-01
3.8099042444741015867037958742002956569194793701171875000000000000e-01
3.7534359340164058504996091869543306529521942138671875000000000000e-01
3.6924911727439085895596804220986086875200271606445312500000000000e-01
3.6568483624723346903095944071537815034389495849609375000000000000e-01
3.5435083660960431384268076726584695279598236083984375000000000000e-01
3.4796062205144001611145654351275879889726638793945312500000000000e-01
3.3937825135741594984040148119674995541572570800781250000000000000e-01
3.3404362978960372432268854936410207301378250122070312500000000000e-01
3.3138503868200414048672541866835672408342361450195312500000000000e-01
3.2436229308207131794006272684782743453979492187500000000000000000e-01
3.2007381442835686202741385386616457253694534301757812500000000000e-01
3.1281028892413131892169531056424602866172790527343750000000000000e-01
3.0768385243832080400139261655567679554224014282226562500000000000e-01
2.9170719729908806128193532458681147545576095581054687500000000000e-01
2.8813726511293996646045911802502814680337905883789062500000000000e-01
2.8061521695501301376651781538384966552257537841796875000000000000e-01
2.7743081270695585383023740178032312542200088500976562500000000000e-01
2.6303696051165231795110344137356150895357131958007812500000000000e-01
2.5384616032869261603721611209039110690355300903320312500000000000e-01
2.4558852209157019941265787110751261934638023376464843750000000000e-01
2.3892119981587175980841664113540900871157646179199218750000000000e-01
2.3403632507814556285019591541640693321824073791503906250000000000e-01
2.3113172603017656525636880360252689570188522338867187500000000000e-01
2.2124698827259828282087994466564850881695747375488281250000000000e-01
2.1580970741221389141983877379971090704202651977539062500000000000e-01
2.0579515570719256190024282204831251874566078186035156250000000000e-01
2.0156103267222574837447268691903445869684219360351562500000000000e-01
1.9708290688567142723286451655440032482147216796875000000000000000e-01
1.8521976414677107647399623147066449746489524841308593750000000000e-01
1.6832041604489045294457127965870313346385955810546875000000000000e-01
1.6112161328043916874719343468314036726951599121093750000000000000e-01
1.5990365938619438557211083207221236079931259155273437500000000000e-01
1.5030402873655321349666280639212345704436302185058593750000000000e-01
1.4510441778198765461205255178356310352683067321777343750000000000e-01
1.3589461666599841893621203325892565771937370300292968750000000000e-01
1.2286794384190898032915839621637132950127124786376953125000000000e-01
1.1836812906121819966021035952508100308477878570556640625000000000e-01
1.1523579872261131840094350309300352819263935089111328125000000000e-01
1.0926289879628181545001552876783534884452819824218750000000000000e-01
9.7369116968654634280966320147854276001453399658203125000000000000e-02
9.0278046171998957425408605104166781529784202575683593750000000000e-02
8.6197452538160287960344874136353610083460807800292968750000000000e-02
7.6829076878926275129266798558091977611184120178222656250000000000e-02
6.9529111995425385561730990957585163414478302001953125000000000000e-02
6.3325616935913028870963614735956070944666862487792968750000000000e-02
5.9576073991475672619877457236725604161620140075683593750000000000e-02
5.6864904186256351459327618158567929640412330627441406250000000000e-02
5.2796456174321555743222944556691800244152545928955078125000000000e-02
4.1660071392983923088682018942563445307314395904541015625000000000e-02
3.5445430024317207962081255345765384845435619354248046875000000000e-02
2.6002331326903042885145822538106585852801799774169921875000000000e-02
1.6191076532015374889184045059664640575647354125976562500000000000e-02
1.0025779154581842406157576874647929798811674118041992187500000000e-02
3.0160819195044230069113755376974950195290148258209228515625000000e-03
